#Reverse sort
#n time_s_avg time_s_std (for 3 trials)
1 9.133333333299909e-06 2.73536509857632e-06
1001 0.0008762333333333094 0.000255048104395186
2001 0.0014390666666667107 3.7152149631248025e-05
3001 0.00215676666666668 5.608008162938391e-05
4001 0.008431933333333289 0.007578909581346251
5001 0.003873366666666637 0.0002454295599329396
6001 0.004521733333333278 5.684823851467774e-05
7001 0.010951466666666687 0.007311269764016517
8001 0.006609066666666645 0.00041311767761200113
9001 0.012866533333333319 0.008450885910299006
