#insertion sort
#n time_s_avg time_s_std (for 3 trials)
1 4.233333333288532e-06 3.8586123011369406e-07
1001 0.10321393333333335 0.004399932051242984
2001 0.41647826666666665 0.002301557447082742
3001 0.9616117000000002 0.004021692310458229
4001 1.711873166666667 0.025515474573721334
5001 2.689400666666667 0.02189755821856711
6001 3.8725578666666665 0.029049014733185184
7001 5.276169566666664 0.04153516433556252
8001 6.817502166666666 0.017847463732479002
9001 8.732027533333332 0.04057520811179674
