#Selection sort
#n time_s_avg time_s_std (for 3 trials)
1 4.66666666665283e-06 1.6996731711738925e-07
1001 0.10629176666666666 0.0001889537039125091
2001 0.43214883333333337 0.0013899498320281687
3001 0.9776290666666666 0.005252350950659082
4001 1.7291465999999998 0.0023071253932110923
5001 2.7014751999999995 0.008705081048445362
6001 3.8657478333333324 0.030148849114830904
7001 5.305033133333332 0.025999928847893653
8001 7.066859466666668 0.24207597088132743
9001 8.92904316666666 0.2590014424484198
