#Naive solution for the Travelling Salesman Problem (TSP)
#n time_s_avg time_s_std result_avg result_std (for 3 trials)
1 5.2000000000014994e-06 6.377042156578943e-07 0.0 0.0
2 5.06666666670134e-06 5.249338582825489e-07 113.90919035660765 46.868927364535686
3 6.7000000000261295e-06 7.118052168225558e-07 83.06161581208818 55.731578731266055
4 8.633333333267027e-06 3.2998316458937927e-07 225.7714674341821 38.85388027845262
5 2.3666666666681085e-05 2.819377393800359e-06 241.89879929555568 35.89334555525708
6 8.43333333333159e-05 7.408703590061103e-07 227.30774790292853 10.401951644688479
7 0.0005035666666666216 1.4383632673767754e-06 238.32256907050427 45.81920150417273
8 0.0038239666666666596 9.574244385622182e-05 252.94725801285827 41.25607251534659
9 0.03185660000000005 0.0007150146711781555 300.39254345225396 4.029014081189526
10 0.3044766333333333 0.002405928176169965 280.3928752489892 28.81069461975518
