#insertion sort
#n time_s_avg time_s_std (for 3 trials)
1 4.033333333356796e-06 6.236095645000372e-07
2 5.566666666660207e-06 3.6817870056339295e-07
3 8.733333333362422e-06 3.907542563960129e-06
4 7.466666666659331e-06 1.2762793146244122e-06
5 7.899999999986621e-06 3.7416573866837217e-07
6 8.66666666665683e-06 1.6819301081851376e-06
7 1.2199999999980745e-05 6.164414002906102e-07
8 1.3133333333414932e-05 2.7157974069519973e-06
9 1.4666666666681335e-05 6.54896090166999e-07
10 2.0800000000005998e-05 1.8055470085705e-06
