#Selection sort
#n time_s_avg time_s_std (for 3 trials)
1 5.766666666665958e-06 1.6996731708110048e-07
2 7.066666666684836e-06 1.2657891696861649e-06
3 9.300000000026879e-06 2.1602468993600948e-07
4 1.1333333333326165e-05 1.2472191292572312e-07
5 1.1866666666674833e-05 1.506283137025091e-06
6 1.5866666666641827e-05 1.9293061504949404e-06
7 1.9966666666704214e-05 2.0548046674752768e-07
8 2.1266666666686085e-05 2.6637484032117772e-06
9 2.7533333333347915e-05 9.428090416091744e-08
10 2.8733333333382422e-05 3.288701195820778e-06
