#Naive solution for the Travelling Salesman Problem (TSP)
#n time_s_avg time_s_std result_avg result_std (for 3 trials)
1 6.066666666693088e-06 2.3570226042846181e-07 0.0 0.0
2 5.133333333332916e-06 8.259674462360611e-07 94.59510090797512 40.213184623246825
3 7.26666666665358e-06 1.0842303978505506e-06 211.0649973017236 18.456906986004213
4 8.76666666667821e-06 2.0548046679555487e-07 190.2339766434521 3.4844218689605455
5 2.0800000000005998e-05 9.273618495602748e-07 213.33755308235234 27.818237634182942
6 8.883333333331578e-05 2.9847761874203735e-06 192.29912369603733 37.490655134049014
7 0.0005030666666666628 5.202777036285137e-06 248.27610218518748 3.500374830188636
8 0.00370200000000002 4.6493297007893964e-05 272.90920856217014 33.705029544254465
9 0.03179063333333332 0.0004858931592667383 262.0068043425704 50.43880824259487
10 0.30385329999999994 0.0015248740100961128 309.5784709850918 12.392804152433136
